0 2 4 0 0 4 2
1 1 3 1 2 3
2 0 2 2 2
3 2 4 4 1 0 2
4 1 1 3
5 2 3 2 2 4
6 1 4 0 1 2 3
7 0 2 4 4
8 2 3 1 2 0
9 1 4 2 2 2 2
10 0 1 0
11 2 4 3 4 2 1
12 1 2 0 2
13 2 3 4 4 4
14 1 4 1 2 3 4
15 0 2 2 3
16 2 4 0 0 0 2
17 1 1 1
18 2 3 2 3 4
19 0 4 4 4 4 4
20 1 2 2 2
21 2 3 0 1 2
22 1 4 3 3 2 1
23 0 1 4
24 2 4 2 2 2 2
25 1 2 0 3
26 2 3 1 4 2
27 0 4 0 1 2 3
28 1 1 2
29 2 4 4 3 2 1
30 1 2 0 0
31 0 3 2 2 2
32 2 4 1 1 1 1
33 1 2 3 4
34 2 3 2 0 4
35 0 1 1
36 1 4 4 3 2 1
37 2 2 2 2
38 1 3 0 1 2
39 0 4 3 3 3 3
40 2 1 4
41 1 4 2 3 4 0
42 2 3 1 1 2
43 0 2 4 0
44 1 4 2 2 3 3
45 2 1 2
46 1 3 0 4 1
47 0 4 1 2 3 4
48 2 2 2 4
49 1 4 0 0 1 1
50 2 3 3 2 1
51 0 1 0
52 1 4 4 4 3 2
53 2 2 2 2
54 1 3 1 0 4
55 0 4 2 2 2 2
56 2 1 3
57 1 4 0 1 2 3
58 2 3 4 4 4
59 0 2 1 2
60 1 4 3 3 3 3
61 2 1 2
62 1 3 0 2 4
63 0 4 1 1 1 1
64 2 2 2 3
65 1 4 4 0 1 2
66 2 3 2 2 0
67 0 1 3
68 1 4 1 2 3 4
69 2 2 2 2
70 1 3 0 0 4
71 0 4 4 4 4 4
72 2 1 1
73 1 4 2 3 0 1
74 2 3 4 2 1
75 0 2 0 4
76 1 4 3 2 1 0
77 2 1 2
78 1 3 4 4 0
79 0 4 1 2 3 4
80 2 2 2 2
81 1 4 0 1 1 1
82 2 3 2 3 4
83 0 1 2
84 1 4 3 3 3 3
85 2 2 0 2
86 1 3 1 2 3
87 0 4 4 0 4 0
88 2 1 2
89 1 4 1 1 2 2
90 2 3 4 3 2
91 0 2 0 1
92 1 4 2 3 4 1
93 2 1 2
94 1 3 0 4 3
95 0 4 1 1 1 1
96 2 2 2 4
97 1 4 3 0 1 2
98 2 3 2 2 2
99 0 1 4
100 1 4 0 1 2 3
101 2 2 2 2
102 1 3 4 3 2
103 0 4 0 0 0 0
104 2 1 2
105 1 4 1 2 3 4
106 2 3 2 1 0
107 0 2 3 4
108 1 4 4 4 4 4
109 2 1 2
110 1 3 0 1 2
111 0 4 2 2 2 2
112 2 2 3 4
113 1 4 1 0 3 2
114 2 3 4 4 2
115 0 1 1
116 1 4 0 1 2 3
117 2 2 2 2
118 1 3 3 4 0
119 0 4 1 2 3 4
120 2 1 2
121 1 4 0 0 1 1
122 2 3 2 3 4
123 0 2 4 4
124 1 4 1 2 3 0
125 2 1 2
126 1 3 4 4 4
127 0 4 0 1 2 3
128 2 2 2 2
129 1 4 3 2 1 0
130 2 4 0 2 2 4
131 1 3 1 2 3
132 0 2 2 2
133 2 4 4 3 2 1
134 1 1 0
135 2 3 2 2 2
136 1 4 0 1 2 4
137 0 2 4 4
138 2 3 1 2 0
139 1 4 2 2 2 2
140 0 1 3
141 2 4 4 2 1 0
142 1 2 0 2
143 2 3 4 4 2
144 1 4 1 2 3 4
145 0 2 2 3
146 2 4 0 0 2 2
147 1 1 1
148 2 3 2 3 4
149 0 4 4 4 4 4
150 1 2 2 2
151 2 3 0 1 2
152 1 4 3 3 2 1
153 0 1 4
154 2 4 2 2 2 2
155 1 2 0 3
156 2 3 1 4 2
157 0 4 0 1 2 3
158 1 1 2
159 2 4 4 3 2 1
160 1 2 0 0
161 0 3 2 2 2
162 2 4 1 1 1 1
163 1 2 3 4
164 2 3 2 0 4
165 0 1 1
166 1 4 4 3 2 1
167 2 2 2 2
168 1 3 0 1 2
169 0 4 3 3 3 3
170 2 1 4
171 1 4 2 3 4 0
172 2 3 1 1 2
173 0 2 4 0
174 1 4 2 2 3 3
175 2 1 2
176 1 3 0 4 1
177 0 4 1 2 3 4
178 2 2 2 4
179 1 4 0 0 1 1
180 34 4 0 2 3 4
181 21 3 1 4 2
182 47 5 0 1 2 3 4
183 18 2 3 0
184 29 4 1 2 4 3
185 52 3 0 2 4
186 41 5 0 1 2 3 4
187 24 2 1 3
188 36 4 0 2 3 1
189 19 1 4
190 44 5 0 1 2 3 4
191 27 3 2 4 1
192 38 4 0 3 4 2
193 22 2 1 0
194 49 5 0 1 2 3 4
195 31 3 3 2 4
196 26 2 0 1
197 45 4 1 2 3 4
198 33 3 0 4 2
199 28 2 3 1
200 54 5 0 1 2 3 4
201 35 3 2 0 4
202 41 4 1 3 4 2
203 23 2 0 1
204 48 5 0 1 2 3 4
205 30 3 4 2 3
206 39 4 0 1 3 2
207 25 2 4 1
208 46 5 0 1 2 3 4
209 32 3 0 3 2
210 29 2 1 4